name: ngs_research
channels:
  - conda-forge
  - r
  - bioconda
dependencies:
  - _libgcc_mutex=0.1=conda_forge
  - _openmp_mutex=4.5=2_gnu
  - bzip2=1.0.8=hd590300_5
  - c-ares=1.28.1=hd590300_0
  - ca-certificates=2024.2.2=hbcca054_0
  - curl=8.7.1=hca28451_0
  - hdf5=1.12.1=nompi_h4df4325_104
  - icu=70.1=h27087fc_0
  - kallisto=0.48.0=h15996b6_2
  - keyutils=1.6.1=h166bdaf_0
  - krb5=1.21.2=h659d440_0
  - ldc=1.28.1=hcf88599_0
  - libaec=1.1.3=h59595ed_0
  - libcurl=8.7.1=hca28451_0
  - libedit=3.1.20191231=he28a2e2_2
  - libev=4.33=hd590300_2
  - libgcc-ng=13.2.0=hc881cc4_6
  - libgfortran-ng=13.2.0=h69a702a_7
  - libgfortran5=13.2.0=hca663fb_7
  - libgomp=13.2.0=hc881cc4_6
  - libiconv=1.17=hd590300_2
  - libllvm12=12.0.1=hf817b99_2
  - libnghttp2=1.58.0=h47da74e_1
  - libssh2=1.11.0=h0841786_0
  - libstdcxx-ng=13.2.0=h95c4c6d_6
  - libxcrypt=4.4.36=hd590300_1
  - libxml2=2.9.14=h22db469_4
  - libzlib=1.2.13=hd590300_5
  - lz4-c=1.9.4=hcb278e6_0
  - ncbi-vdb=3.1.0=h4ac6f70_2
  - ncurses=6.4.20240210=h59595ed_0
  - openssl=3.3.0=hd590300_0
  - ossuuid=1.6.2=hf484d3e_1000
  - perl=5.32.1=7_hd590300_perl5
  - perl-alien-build=2.48=pl5321hec16e2b_0
  - perl-alien-libxml2=0.17=pl5321hec16e2b_0
  - perl-business-isbn=3.007=pl5321hdfd78af_0
  - perl-business-isbn-data=20210112.006=pl5321hdfd78af_0
  - perl-capture-tiny=0.48=pl5321hdfd78af_2
  - perl-carp=1.38=pl5321hdfd78af_4
  - perl-constant=1.33=pl5321hdfd78af_2
  - perl-data-dumper=2.183=pl5321hec16e2b_1
  - perl-encode=3.19=pl5321hec16e2b_1
  - perl-exporter=5.72=pl5321hdfd78af_2
  - perl-extutils-makemaker=7.70=pl5321hd8ed1ab_0
  - perl-ffi-checklib=0.28=pl5321hdfd78af_0
  - perl-file-chdir=0.1010=pl5321hdfd78af_3
  - perl-file-path=2.18=pl5321hd8ed1ab_0
  - perl-file-temp=0.2304=pl5321hd8ed1ab_0
  - perl-file-which=1.24=pl5321hd8ed1ab_0
  - perl-importer=0.026=pl5321hdfd78af_0
  - perl-mime-base64=3.16=pl5321hec16e2b_2
  - perl-parent=0.236=pl5321hdfd78af_2
  - perl-path-tiny=0.122=pl5321hdfd78af_0
  - perl-pathtools=3.75=pl5321hec16e2b_3
  - perl-scope-guard=0.21=pl5321hdfd78af_3
  - perl-sub-info=0.002=pl5321hdfd78af_1
  - perl-term-table=0.016=pl5321hdfd78af_0
  - perl-test2-suite=0.000145=pl5321hdfd78af_0
  - perl-uri=5.12=pl5321hdfd78af_0
  - perl-xml-libxml=2.0207=pl5321h661654b_0
  - perl-xml-namespacesupport=1.12=pl5321hdfd78af_1
  - perl-xml-sax=1.02=pl5321hdfd78af_1
  - perl-xml-sax-base=1.09=pl5321hdfd78af_1
  - sambamba=1.0=h98b6b92_0
  - sra-tools=3.1.0=h4304569_1
  - xz=5.2.6=h166bdaf_0
  - zlib=1.2.13=hd590300_5
  - zstd=1.5.5=hfc55251_0
prefix: /home/yyasui/miniconda3/envs/ngs_research
